Mean: [ 5.64679039e-01  5.49613777e-01  9.86075368e-08  5.56459628e-01
  5.17624666e-01 -4.67735214e-03  5.47829909e-01  4.86234483e-01
 -1.00808736e-02  5.42552391e-01  4.67103060e-01 -1.56177386e-02
  5.40234843e-01  4.56841835e-01 -2.13422978e-02  5.48467904e-01
  4.69623897e-01 -1.30644720e-02  5.40581924e-01  4.46800147e-01
 -2.32646750e-02  5.38926316e-01  4.36167044e-01 -2.99729823e-02
  5.38386299e-01  4.26612881e-01 -3.43502622e-02  5.51037865e-01
  4.81817416e-01 -1.68865492e-02  5.43865514e-01  4.58590413e-01
 -2.64148925e-02  5.42619623e-01  4.50110135e-01 -3.08206572e-02
  5.42893964e-01  4.41571502e-01 -3.36902107e-02  5.53857081e-01
  4.97393454e-01 -2.09846808e-02  5.48038060e-01  4.76820096e-01
 -2.95832391e-02  5.47233173e-01  4.68554988e-01 -3.07833382e-02
  5.47885701e-01  4.59977409e-01 -3.10726083e-02  5.56707369e-01
  5.14550803e-01 -2.54642867e-02  5.53470805e-01  4.96882034e-01
 -3.15334789e-02  5.53044180e-01  4.89202269e-01 -3.10776479e-02
  5.53427145e-01  4.82001374e-01 -3.01723689e-02  2.28402063e-01
  2.23921763e-01  4.78115530e-08  2.31384530e-01  2.11465140e-01
 -2.38021228e-03  2.33438397e-01  1.98742481e-01 -4.98624263e-03
  2.35031366e-01  1.90035921e-01 -7.47473244e-03  2.37146212e-01
  1.83649389e-01 -1.00195229e-02  2.31300528e-01  1.93867224e-01
 -7.74376678e-03  2.34083107e-01  1.86092293e-01 -1.27029239e-02
  2.34736233e-01  1.82644910e-01 -1.57038064e-02  2.34930399e-01
  1.79137972e-01 -1.75704186e-02  2.29690017e-01  1.99097778e-01
 -9.17600099e-03  2.32329119e-01  1.90383497e-01 -1.36054855e-02
  2.32129876e-01  1.85816220e-01 -1.57021680e-02  2.31815139e-01
  1.81613704e-01 -1.73180796e-02  2.28229137e-01  2.05620476e-01
 -1.06152701e-02  2.30545379e-01  1.98288716e-01 -1.45596784e-02
  2.30285792e-01  1.93916689e-01 -1.53927667e-02  2.30033039e-01
  1.89776393e-01 -1.58572361e-02  2.26951838e-01  2.12811527e-01
 -1.21872833e-02  2.28695469e-01  2.06198427e-01 -1.51368853e-02
  2.28374119e-01  2.02171370e-01 -1.53906734e-02  2.27791702e-01
  1.98566581e-01 -1.54242339e-02  7.38882290e-01  7.54193062e-01
 -3.82253265e-01  2.72559114e-01  7.98035648e-01 -2.10306014e-01
  6.36539640e-01  5.46304618e-01 -9.20725817e-01  3.44193270e-01
  8.95282574e-01 -5.93463418e-01]
Scale: [1.10096227e-01 9.82025228e-02 1.72872453e-07 1.03102565e-01
 9.58661794e-02 9.12417704e-03 9.79884556e-02 9.82830149e-02
 1.39717707e-02 9.80794056e-02 1.04492071e-01 1.74283710e-02
 1.03267321e-01 1.11114583e-01 2.09683108e-02 9.71994985e-02
 1.12088014e-01 1.75459921e-02 9.49663614e-02 1.19635837e-01
 2.24856362e-02 9.83344211e-02 1.25679669e-01 2.45660724e-02
 1.03761728e-01 1.32398248e-01 2.59511834e-02 9.70480511e-02
 1.18574563e-01 1.60526149e-02 9.25678170e-02 1.27484399e-01
 2.21293517e-02 9.41853301e-02 1.34078516e-01 2.36484488e-02
 9.90737448e-02 1.41815896e-01 2.47435914e-02 9.78556459e-02
 1.22474200e-01 1.55001621e-02 9.29347406e-02 1.32486479e-01
 2.14641792e-02 9.44537531e-02 1.38930971e-01 2.22857031e-02
 9.90131485e-02 1.45504324e-01 2.31458776e-02 9.99213098e-02
 1.24505840e-01 1.63981866e-02 9.48968981e-02 1.32459869e-01
 2.09056588e-02 9.42614355e-02 1.37237054e-01 2.22616773e-02
 9.63859834e-02 1.42099812e-01 2.36737867e-02 2.83197699e-01
 2.80021796e-01 1.34959124e-07 2.86206102e-01 2.66006705e-01
 6.63200251e-03 2.87969108e-01 2.53020168e-01 1.13570907e-02
 2.89365567e-01 2.45661505e-01 1.50410556e-02 2.92122891e-01
 2.41281274e-01 1.88297243e-02 2.84510800e-01 2.50099899e-01
 1.49162816e-02 2.86372287e-01 2.44865611e-01 2.10364227e-02
 2.87604675e-01 2.43421004e-01 2.45918545e-02 2.88769974e-01
 2.41711067e-01 2.68542638e-02 2.82148052e-01 2.57153158e-01
 1.46825812e-02 2.83751164e-01 2.51218414e-01 2.04381327e-02
 2.84104779e-01 2.48881664e-01 2.29869432e-02 2.84817539e-01
 2.46896674e-01 2.50631386e-02 2.80248144e-01 2.65173493e-01
 1.50529495e-02 2.81697946e-01 2.60977967e-01 2.04446683e-02
 2.81913955e-01 2.58647197e-01 2.17194419e-02 2.82463079e-01
 2.56368270e-01 2.26463617e-02 2.78826476e-01 2.73513541e-01
 1.63091944e-02 2.79814372e-01 2.68938621e-01 2.03905799e-02
 2.79765973e-01 2.66049622e-01 2.10966242e-02 2.79687468e-01
 2.63572641e-01 2.16261164e-02 6.28650882e-02 8.90452507e-02
 1.44345169e-01 4.48999694e-02 9.69488028e-02 2.06678731e-01
 5.83000025e-02 1.16411368e-01 2.35373945e-01 8.91003796e-02
 2.73219314e-01 3.54348294e-01]
